793591407804151926593793042126891128819610710140145037958273777397
327114817135866584604445222092786289485901368902485200957962177358441191520429751667933217022727867825940121997174498761270528946466892595242473813640691701043259805745267891689561625
28197781736352815952563206467131172508227658829511523778
243725736716855736962686024334547386493350883030562350014156803065122954698190550443767391293292996385624461466575000597686778187
317079925376919302666132900992656471931647237990639519210479942745367781399345450760562844620238773993470578978922828452051145490494418365054796259938305331985513836646470687870399681225795784
139583862445
805587367387474993557712643417250666635155463347703764181824844653814375958479581952978891769754733107167209
43466557686937456435688527675040625802564660517371780402481729089536555417949051890403879840079255169295922593080322634775209689623239873322471161642996440906533187938298969649928516003704476137795166849228875
1323171012053243520828784042795469593341319770463238313551473338336502410952765153371119398122747569819754164672344667591018783803781288766524146031040
3206362566281301118819796980708220468785727873685059432185530027885348499714774352234554266527320615132416813854743457103608413
29495924660760642489647013020148855916737375061568504064137515306653075810241060939483954895520932111023343610904846943097162533007651451709723277579925520157875345780869307228929160
64202014863723094126901777428873111802307548623680
202168075213672079260596535859701544874888296353804821387604809476395330074306063188656721192740907117768741920485668645381749874481665847487428943700400124657530952603334596459522807
3631938672408255859550518752770954506578238315485816563618848933573305722729383091461442690
648473825618649048121038413079524682351409714485519861708388359345126257210057
239820118265953088038145437511237497044699584020285287192916468822142124682166269777110003547171459506578561471840683878010615797658560919027914703304747784934322068108673344179645
12776523572924732586037033894655031898659556447352249
89
2971215073
24102245710859920684503285758169769604808048027255331491517761904539950606634308789203030505483314155722222621793264312895503279630357238993145854890126443979911926541196892709563364252562754018
